2002 1
-1500 -10 
-1497 -20 
-1494 -10 
-1491 -20 
-1488 -10 
-1485 -20 
-1482 -10 
-1479 -20 
-1476 -10 
-1473 -20 
-1470 -10 
-1467 -20 
-1464 -10 
-1461 -20 
-1458 -10 
-1455 -20 
-1452 -10 
-1449 -20 
-1446 -10 
-1443 -20 
-1440 -10 
-1437 -20 
-1434 -10 
-1431 -20 
-1428 -10 
-1425 -20 
-1422 -10 
-1419 -20 
-1416 -10 
-1413 -20 
-1410 -10 
-1407 -20 
-1404 -10 
-1401 -20 
-1398 -10 
-1395 -20 
-1392 -10 
-1389 -20 
-1386 -10 
-1383 -20 
-1380 -10 
-1377 -20 
-1374 -10 
-1371 -20 
-1368 -10 
-1365 -20 
-1362 -10 
-1359 -20 
-1356 -10 
-1353 -20 
-1350 -10 
-1347 -20 
-1344 -10 
-1341 -20 
-1338 -10 
-1335 -20 
-1332 -10 
-1329 -20 
-1326 -10 
-1323 -20 
-1320 -10 
-1317 -20 
-1314 -10 
-1311 -20 
-1308 -10 
-1305 -20 
-1302 -10 
-1299 -20 
-1296 -10 
-1293 -20 
-1290 -10 
-1287 -20 
-1284 -10 
-1281 -20 
-1278 -10 
-1275 -20 
-1272 -10 
-1269 -20 
-1266 -10 
-1263 -20 
-1260 -10 
-1257 -20 
-1254 -10 
-1251 -20 
-1248 -10 
-1245 -20 
-1242 -10 
-1239 -20 
-1236 -10 
-1233 -20 
-1230 -10 
-1227 -20 
-1224 -10 
-1221 -20 
-1218 -10 
-1215 -20 
-1212 -10 
-1209 -20 
-1206 -10 
-1203 -20 
-1200 -10 
-1197 -20 
-1194 -10 
-1191 -20 
-1188 -10 
-1185 -20 
-1182 -10 
-1179 -20 
-1176 -10 
-1173 -20 
-1170 -10 
-1167 -20 
-1164 -10 
-1161 -20 
-1158 -10 
-1155 -20 
-1152 -10 
-1149 -20 
-1146 -10 
-1143 -20 
-1140 -10 
-1137 -20 
-1134 -10 
-1131 -20 
-1128 -10 
-1125 -20 
-1122 -10 
-1119 -20 
-1116 -10 
-1113 -20 
-1110 -10 
-1107 -20 
-1104 -10 
-1101 -20 
-1098 -10 
-1095 -20 
-1092 -10 
-1089 -20 
-1086 -10 
-1083 -20 
-1080 -10 
-1077 -20 
-1074 -10 
-1071 -20 
-1068 -10 
-1065 -20 
-1062 -10 
-1059 -20 
-1056 -10 
-1053 -20 
-1050 -10 
-1047 -20 
-1044 -10 
-1041 -20 
-1038 -10 
-1035 -20 
-1032 -10 
-1029 -20 
-1026 -10 
-1023 -20 
-1020 -10 
-1017 -20 
-1014 -10 
-1011 -20 
-1008 -10 
-1005 -20 
-1002 -10 
-999 -20 
-996 -10 
-993 -20 
-990 -10 
-987 -20 
-984 -10 
-981 -20 
-978 -10 
-975 -20 
-972 -10 
-969 -20 
-966 -10 
-963 -20 
-960 -10 
-957 -20 
-954 -10 
-951 -20 
-948 -10 
-945 -20 
-942 -10 
-939 -20 
-936 -10 
-933 -20 
-930 -10 
-927 -20 
-924 -10 
-921 -20 
-918 -10 
-915 -20 
-912 -10 
-909 -20 
-906 -10 
-903 -20 
-900 -10 
-897 -20 
-894 -10 
-891 -20 
-888 -10 
-885 -20 
-882 -10 
-879 -20 
-876 -10 
-873 -20 
-870 -10 
-867 -20 
-864 -10 
-861 -20 
-858 -10 
-855 -20 
-852 -10 
-849 -20 
-846 -10 
-843 -20 
-840 -10 
-837 -20 
-834 -10 
-831 -20 
-828 -10 
-825 -20 
-822 -10 
-819 -20 
-816 -10 
-813 -20 
-810 -10 
-807 -20 
-804 -10 
-801 -20 
-798 -10 
-795 -20 
-792 -10 
-789 -20 
-786 -10 
-783 -20 
-780 -10 
-777 -20 
-774 -10 
-771 -20 
-768 -10 
-765 -20 
-762 -10 
-759 -20 
-756 -10 
-753 -20 
-750 -10 
-747 -20 
-744 -10 
-741 -20 
-738 -10 
-735 -20 
-732 -10 
-729 -20 
-726 -10 
-723 -20 
-720 -10 
-717 -20 
-714 -10 
-711 -20 
-708 -10 
-705 -20 
-702 -10 
-699 -20 
-696 -10 
-693 -20 
-690 -10 
-687 -20 
-684 -10 
-681 -20 
-678 -10 
-675 -20 
-672 -10 
-669 -20 
-666 -10 
-663 -20 
-660 -10 
-657 -20 
-654 -10 
-651 -20 
-648 -10 
-645 -20 
-642 -10 
-639 -20 
-636 -10 
-633 -20 
-630 -10 
-627 -20 
-624 -10 
-621 -20 
-618 -10 
-615 -20 
-612 -10 
-609 -20 
-606 -10 
-603 -20 
-600 -10 
-597 -20 
-594 -10 
-591 -20 
-588 -10 
-585 -20 
-582 -10 
-579 -20 
-576 -10 
-573 -20 
-570 -10 
-567 -20 
-564 -10 
-561 -20 
-558 -10 
-555 -20 
-552 -10 
-549 -20 
-546 -10 
-543 -20 
-540 -10 
-537 -20 
-534 -10 
-531 -20 
-528 -10 
-525 -20 
-522 -10 
-519 -20 
-516 -10 
-513 -20 
-510 -10 
-507 -20 
-504 -10 
-501 -20 
-498 -10 
-495 -20 
-492 -10 
-489 -20 
-486 -10 
-483 -20 
-480 -10 
-477 -20 
-474 -10 
-471 -20 
-468 -10 
-465 -20 
-462 -10 
-459 -20 
-456 -10 
-453 -20 
-450 -10 
-447 -20 
-444 -10 
-441 -20 
-438 -10 
-435 -20 
-432 -10 
-429 -20 
-426 -10 
-423 -20 
-420 -10 
-417 -20 
-414 -10 
-411 -20 
-408 -10 
-405 -20 
-402 -10 
-399 -20 
-396 -10 
-393 -20 
-390 -10 
-387 -20 
-384 -10 
-381 -20 
-378 -10 
-375 -20 
-372 -10 
-369 -20 
-366 -10 
-363 -20 
-360 -10 
-357 -20 
-354 -10 
-351 -20 
-348 -10 
-345 -20 
-342 -10 
-339 -20 
-336 -10 
-333 -20 
-330 -10 
-327 -20 
-324 -10 
-321 -20 
-318 -10 
-315 -20 
-312 -10 
-309 -20 
-306 -10 
-303 -20 
-300 -10 
-297 -20 
-294 -10 
-291 -20 
-288 -10 
-285 -20 
-282 -10 
-279 -20 
-276 -10 
-273 -20 
-270 -10 
-267 -20 
-264 -10 
-261 -20 
-258 -10 
-255 -20 
-252 -10 
-249 -20 
-246 -10 
-243 -20 
-240 -10 
-237 -20 
-234 -10 
-231 -20 
-228 -10 
-225 -20 
-222 -10 
-219 -20 
-216 -10 
-213 -20 
-210 -10 
-207 -20 
-204 -10 
-201 -20 
-198 -10 
-195 -20 
-192 -10 
-189 -20 
-186 -10 
-183 -20 
-180 -10 
-177 -20 
-174 -10 
-171 -20 
-168 -10 
-165 -20 
-162 -10 
-159 -20 
-156 -10 
-153 -20 
-150 -10 
-147 -20 
-144 -10 
-141 -20 
-138 -10 
-135 -20 
-132 -10 
-129 -20 
-126 -10 
-123 -20 
-120 -10 
-117 -20 
-114 -10 
-111 -20 
-108 -10 
-105 -20 
-102 -10 
-99 -20 
-96 -10 
-93 -20 
-90 -10 
-87 -20 
-84 -10 
-81 -20 
-78 -10 
-75 -20 
-72 -10 
-69 -20 
-66 -10 
-63 -20 
-60 -10 
-57 -20 
-54 -10 
-51 -20 
-48 -10 
-45 -20 
-42 -10 
-39 -20 
-36 -10 
-33 -20 
-30 -10 
-27 -20 
-24 -10 
-21 -20 
-18 -10 
-15 -20 
-12 -10 
-9 -20 
-6 -10 
-3 -20 
0 -10 
3 -20 
6 -10 
9 -20 
12 -10 
15 -20 
18 -10 
21 -20 
24 -10 
27 -20 
30 -10 
33 -20 
36 -10 
39 -20 
42 -10 
45 -20 
48 -10 
51 -20 
54 -10 
57 -20 
60 -10 
63 -20 
66 -10 
69 -20 
72 -10 
75 -20 
78 -10 
81 -20 
84 -10 
87 -20 
90 -10 
93 -20 
96 -10 
99 -20 
102 -10 
105 -20 
108 -10 
111 -20 
114 -10 
117 -20 
120 -10 
123 -20 
126 -10 
129 -20 
132 -10 
135 -20 
138 -10 
141 -20 
144 -10 
147 -20 
150 -10 
153 -20 
156 -10 
159 -20 
162 -10 
165 -20 
168 -10 
171 -20 
174 -10 
177 -20 
180 -10 
183 -20 
186 -10 
189 -20 
192 -10 
195 -20 
198 -10 
201 -20 
204 -10 
207 -20 
210 -10 
213 -20 
216 -10 
219 -20 
222 -10 
225 -20 
228 -10 
231 -20 
234 -10 
237 -20 
240 -10 
243 -20 
246 -10 
249 -20 
252 -10 
255 -20 
258 -10 
261 -20 
264 -10 
267 -20 
270 -10 
273 -20 
276 -10 
279 -20 
282 -10 
285 -20 
288 -10 
291 -20 
294 -10 
297 -20 
300 -10 
303 -20 
306 -10 
309 -20 
312 -10 
315 -20 
318 -10 
321 -20 
324 -10 
327 -20 
330 -10 
333 -20 
336 -10 
339 -20 
342 -10 
345 -20 
348 -10 
351 -20 
354 -10 
357 -20 
360 -10 
363 -20 
366 -10 
369 -20 
372 -10 
375 -20 
378 -10 
381 -20 
384 -10 
387 -20 
390 -10 
393 -20 
396 -10 
399 -20 
402 -10 
405 -20 
408 -10 
411 -20 
414 -10 
417 -20 
420 -10 
423 -20 
426 -10 
429 -20 
432 -10 
435 -20 
438 -10 
441 -20 
444 -10 
447 -20 
450 -10 
453 -20 
456 -10 
459 -20 
462 -10 
465 -20 
468 -10 
471 -20 
474 -10 
477 -20 
480 -10 
483 -20 
486 -10 
489 -20 
492 -10 
495 -20 
498 -10 
501 -20 
504 -10 
507 -20 
510 -10 
513 -20 
516 -10 
519 -20 
522 -10 
525 -20 
528 -10 
531 -20 
534 -10 
537 -20 
540 -10 
543 -20 
546 -10 
549 -20 
552 -10 
555 -20 
558 -10 
561 -20 
564 -10 
567 -20 
570 -10 
573 -20 
576 -10 
579 -20 
582 -10 
585 -20 
588 -10 
591 -20 
594 -10 
597 -20 
600 -10 
603 -20 
606 -10 
609 -20 
612 -10 
615 -20 
618 -10 
621 -20 
624 -10 
627 -20 
630 -10 
633 -20 
636 -10 
639 -20 
642 -10 
645 -20 
648 -10 
651 -20 
654 -10 
657 -20 
660 -10 
663 -20 
666 -10 
669 -20 
672 -10 
675 -20 
678 -10 
681 -20 
684 -10 
687 -20 
690 -10 
693 -20 
696 -10 
699 -20 
702 -10 
705 -20 
708 -10 
711 -20 
714 -10 
717 -20 
720 -10 
723 -20 
726 -10 
729 -20 
732 -10 
735 -20 
738 -10 
741 -20 
744 -10 
747 -20 
750 -10 
753 -20 
756 -10 
759 -20 
762 -10 
765 -20 
768 -10 
771 -20 
774 -10 
777 -20 
780 -10 
783 -20 
786 -10 
789 -20 
792 -10 
795 -20 
798 -10 
801 -20 
804 -10 
807 -20 
810 -10 
813 -20 
816 -10 
819 -20 
822 -10 
825 -20 
828 -10 
831 -20 
834 -10 
837 -20 
840 -10 
843 -20 
846 -10 
849 -20 
852 -10 
855 -20 
858 -10 
861 -20 
864 -10 
867 -20 
870 -10 
873 -20 
876 -10 
879 -20 
882 -10 
885 -20 
888 -10 
891 -20 
894 -10 
897 -20 
900 -10 
903 -20 
906 -10 
909 -20 
912 -10 
915 -20 
918 -10 
921 -20 
924 -10 
927 -20 
930 -10 
933 -20 
936 -10 
939 -20 
942 -10 
945 -20 
948 -10 
951 -20 
954 -10 
957 -20 
960 -10 
963 -20 
966 -10 
969 -20 
972 -10 
975 -20 
978 -10 
981 -20 
984 -10 
987 -20 
990 -10 
993 -20 
996 -10 
999 -20 
1002 -10 
1005 -20 
1008 -10 
1011 -20 
1014 -10 
1017 -20 
1020 -10 
1023 -20 
1026 -10 
1029 -20 
1032 -10 
1035 -20 
1038 -10 
1041 -20 
1044 -10 
1047 -20 
1050 -10 
1053 -20 
1056 -10 
1059 -20 
1062 -10 
1065 -20 
1068 -10 
1071 -20 
1074 -10 
1077 -20 
1080 -10 
1083 -20 
1086 -10 
1089 -20 
1092 -10 
1095 -20 
1098 -10 
1101 -20 
1104 -10 
1107 -20 
1110 -10 
1113 -20 
1116 -10 
1119 -20 
1122 -10 
1125 -20 
1128 -10 
1131 -20 
1134 -10 
1137 -20 
1140 -10 
1143 -20 
1146 -10 
1149 -20 
1152 -10 
1155 -20 
1158 -10 
1161 -20 
1164 -10 
1167 -20 
1170 -10 
1173 -20 
1176 -10 
1179 -20 
1182 -10 
1185 -20 
1188 -10 
1191 -20 
1194 -10 
1197 -20 
1200 -10 
1203 -20 
1206 -10 
1209 -20 
1212 -10 
1215 -20 
1218 -10 
1221 -20 
1224 -10 
1227 -20 
1230 -10 
1233 -20 
1236 -10 
1239 -20 
1242 -10 
1245 -20 
1248 -10 
1251 -20 
1254 -10 
1257 -20 
1260 -10 
1263 -20 
1266 -10 
1269 -20 
1272 -10 
1275 -20 
1278 -10 
1281 -20 
1284 -10 
1287 -20 
1290 -10 
1293 -20 
1296 -10 
1299 -20 
1302 -10 
1305 -20 
1308 -10 
1311 -20 
1314 -10 
1317 -20 
1320 -10 
1323 -20 
1326 -10 
1329 -20 
1332 -10 
1335 -20 
1338 -10 
1341 -20 
1344 -10 
1347 -20 
1350 -10 
1353 -20 
1356 -10 
1359 -20 
1362 -10 
1365 -20 
1368 -10 
1371 -20 
1374 -10 
1377 -20 
1380 -10 
1383 -20 
1386 -10 
1389 -20 
1392 -10 
1395 -20 
1398 -10 
1401 -20 
1404 -10 
1407 -20 
1410 -10 
1413 -20 
1416 -10 
1419 -20 
1422 -10 
1425 -20 
1428 -10 
1431 -20 
1434 -10 
1437 -20 
1440 -10 
1443 -20 
1446 -10 
1449 -20 
1452 -10 
1455 -20 
1458 -10 
1461 -20 
1464 -10 
1467 -20 
1470 -10 
1473 -20 
1476 -10 
1479 -20 
1482 -10 
1485 -20 
1488 -10 
1491 -20 
1494 -10 
1497 -20 
1500 -10 
1503 -20 
1500 10 
1497 20 
1494 10 
1491 20 
1488 10 
1485 20 
1482 10 
1479 20 
1476 10 
1473 20 
1470 10 
1467 20 
1464 10 
1461 20 
1458 10 
1455 20 
1452 10 
1449 20 
1446 10 
1443 20 
1440 10 
1437 20 
1434 10 
1431 20 
1428 10 
1425 20 
1422 10 
1419 20 
1416 10 
1413 20 
1410 10 
1407 20 
1404 10 
1401 20 
1398 10 
1395 20 
1392 10 
1389 20 
1386 10 
1383 20 
1380 10 
1377 20 
1374 10 
1371 20 
1368 10 
1365 20 
1362 10 
1359 20 
1356 10 
1353 20 
1350 10 
1347 20 
1344 10 
1341 20 
1338 10 
1335 20 
1332 10 
1329 20 
1326 10 
1323 20 
1320 10 
1317 20 
1314 10 
1311 20 
1308 10 
1305 20 
1302 10 
1299 20 
1296 10 
1293 20 
1290 10 
1287 20 
1284 10 
1281 20 
1278 10 
1275 20 
1272 10 
1269 20 
1266 10 
1263 20 
1260 10 
1257 20 
1254 10 
1251 20 
1248 10 
1245 20 
1242 10 
1239 20 
1236 10 
1233 20 
1230 10 
1227 20 
1224 10 
1221 20 
1218 10 
1215 20 
1212 10 
1209 20 
1206 10 
1203 20 
1200 10 
1197 20 
1194 10 
1191 20 
1188 10 
1185 20 
1182 10 
1179 20 
1176 10 
1173 20 
1170 10 
1167 20 
1164 10 
1161 20 
1158 10 
1155 20 
1152 10 
1149 20 
1146 10 
1143 20 
1140 10 
1137 20 
1134 10 
1131 20 
1128 10 
1125 20 
1122 10 
1119 20 
1116 10 
1113 20 
1110 10 
1107 20 
1104 10 
1101 20 
1098 10 
1095 20 
1092 10 
1089 20 
1086 10 
1083 20 
1080 10 
1077 20 
1074 10 
1071 20 
1068 10 
1065 20 
1062 10 
1059 20 
1056 10 
1053 20 
1050 10 
1047 20 
1044 10 
1041 20 
1038 10 
1035 20 
1032 10 
1029 20 
1026 10 
1023 20 
1020 10 
1017 20 
1014 10 
1011 20 
1008 10 
1005 20 
1002 10 
999 20 
996 10 
993 20 
990 10 
987 20 
984 10 
981 20 
978 10 
975 20 
972 10 
969 20 
966 10 
963 20 
960 10 
957 20 
954 10 
951 20 
948 10 
945 20 
942 10 
939 20 
936 10 
933 20 
930 10 
927 20 
924 10 
921 20 
918 10 
915 20 
912 10 
909 20 
906 10 
903 20 
900 10 
897 20 
894 10 
891 20 
888 10 
885 20 
882 10 
879 20 
876 10 
873 20 
870 10 
867 20 
864 10 
861 20 
858 10 
855 20 
852 10 
849 20 
846 10 
843 20 
840 10 
837 20 
834 10 
831 20 
828 10 
825 20 
822 10 
819 20 
816 10 
813 20 
810 10 
807 20 
804 10 
801 20 
798 10 
795 20 
792 10 
789 20 
786 10 
783 20 
780 10 
777 20 
774 10 
771 20 
768 10 
765 20 
762 10 
759 20 
756 10 
753 20 
750 10 
747 20 
744 10 
741 20 
738 10 
735 20 
732 10 
729 20 
726 10 
723 20 
720 10 
717 20 
714 10 
711 20 
708 10 
705 20 
702 10 
699 20 
696 10 
693 20 
690 10 
687 20 
684 10 
681 20 
678 10 
675 20 
672 10 
669 20 
666 10 
663 20 
660 10 
657 20 
654 10 
651 20 
648 10 
645 20 
642 10 
639 20 
636 10 
633 20 
630 10 
627 20 
624 10 
621 20 
618 10 
615 20 
612 10 
609 20 
606 10 
603 20 
600 10 
597 20 
594 10 
591 20 
588 10 
585 20 
582 10 
579 20 
576 10 
573 20 
570 10 
567 20 
564 10 
561 20 
558 10 
555 20 
552 10 
549 20 
546 10 
543 20 
540 10 
537 20 
534 10 
531 20 
528 10 
525 20 
522 10 
519 20 
516 10 
513 20 
510 10 
507 20 
504 10 
501 20 
498 10 
495 20 
492 10 
489 20 
486 10 
483 20 
480 10 
477 20 
474 10 
471 20 
468 10 
465 20 
462 10 
459 20 
456 10 
453 20 
450 10 
447 20 
444 10 
441 20 
438 10 
435 20 
432 10 
429 20 
426 10 
423 20 
420 10 
417 20 
414 10 
411 20 
408 10 
405 20 
402 10 
399 20 
396 10 
393 20 
390 10 
387 20 
384 10 
381 20 
378 10 
375 20 
372 10 
369 20 
366 10 
363 20 
360 10 
357 20 
354 10 
351 20 
348 10 
345 20 
342 10 
339 20 
336 10 
333 20 
330 10 
327 20 
324 10 
321 20 
318 10 
315 20 
312 10 
309 20 
306 10 
303 20 
300 10 
297 20 
294 10 
291 20 
288 10 
285 20 
282 10 
279 20 
276 10 
273 20 
270 10 
267 20 
264 10 
261 20 
258 10 
255 20 
252 10 
249 20 
246 10 
243 20 
240 10 
237 20 
234 10 
231 20 
228 10 
225 20 
222 10 
219 20 
216 10 
213 20 
210 10 
207 20 
204 10 
201 20 
198 10 
195 20 
192 10 
189 20 
186 10 
183 20 
180 10 
177 20 
174 10 
171 20 
168 10 
165 20 
162 10 
159 20 
156 10 
153 20 
150 10 
147 20 
144 10 
141 20 
138 10 
135 20 
132 10 
129 20 
126 10 
123 20 
120 10 
117 20 
114 10 
111 20 
108 10 
105 20 
102 10 
99 20 
96 10 
93 20 
90 10 
87 20 
84 10 
81 20 
78 10 
75 20 
72 10 
69 20 
66 10 
63 20 
60 10 
57 20 
54 10 
51 20 
48 10 
45 20 
42 10 
39 20 
36 10 
33 20 
30 10 
27 20 
24 10 
21 20 
18 10 
15 20 
12 10 
9 20 
6 10 
3 20 
0 10 
-3 20 
-6 10 
-9 20 
-12 10 
-15 20 
-18 10 
-21 20 
-24 10 
-27 20 
-30 10 
-33 20 
-36 10 
-39 20 
-42 10 
-45 20 
-48 10 
-51 20 
-54 10 
-57 20 
-60 10 
-63 20 
-66 10 
-69 20 
-72 10 
-75 20 
-78 10 
-81 20 
-84 10 
-87 20 
-90 10 
-93 20 
-96 10 
-99 20 
-102 10 
-105 20 
-108 10 
-111 20 
-114 10 
-117 20 
-120 10 
-123 20 
-126 10 
-129 20 
-132 10 
-135 20 
-138 10 
-141 20 
-144 10 
-147 20 
-150 10 
-153 20 
-156 10 
-159 20 
-162 10 
-165 20 
-168 10 
-171 20 
-174 10 
-177 20 
-180 10 
-183 20 
-186 10 
-189 20 
-192 10 
-195 20 
-198 10 
-201 20 
-204 10 
-207 20 
-210 10 
-213 20 
-216 10 
-219 20 
-222 10 
-225 20 
-228 10 
-231 20 
-234 10 
-237 20 
-240 10 
-243 20 
-246 10 
-249 20 
-252 10 
-255 20 
-258 10 
-261 20 
-264 10 
-267 20 
-270 10 
-273 20 
-276 10 
-279 20 
-282 10 
-285 20 
-288 10 
-291 20 
-294 10 
-297 20 
-300 10 
-303 20 
-306 10 
-309 20 
-312 10 
-315 20 
-318 10 
-321 20 
-324 10 
-327 20 
-330 10 
-333 20 
-336 10 
-339 20 
-342 10 
-345 20 
-348 10 
-351 20 
-354 10 
-357 20 
-360 10 
-363 20 
-366 10 
-369 20 
-372 10 
-375 20 
-378 10 
-381 20 
-384 10 
-387 20 
-390 10 
-393 20 
-396 10 
-399 20 
-402 10 
-405 20 
-408 10 
-411 20 
-414 10 
-417 20 
-420 10 
-423 20 
-426 10 
-429 20 
-432 10 
-435 20 
-438 10 
-441 20 
-444 10 
-447 20 
-450 10 
-453 20 
-456 10 
-459 20 
-462 10 
-465 20 
-468 10 
-471 20 
-474 10 
-477 20 
-480 10 
-483 20 
-486 10 
-489 20 
-492 10 
-495 20 
-498 10 
-501 20 
-504 10 
-507 20 
-510 10 
-513 20 
-516 10 
-519 20 
-522 10 
-525 20 
-528 10 
-531 20 
-534 10 
-537 20 
-540 10 
-543 20 
-546 10 
-549 20 
-552 10 
-555 20 
-558 10 
-561 20 
-564 10 
-567 20 
-570 10 
-573 20 
-576 10 
-579 20 
-582 10 
-585 20 
-588 10 
-591 20 
-594 10 
-597 20 
-600 10 
-603 20 
-606 10 
-609 20 
-612 10 
-615 20 
-618 10 
-621 20 
-624 10 
-627 20 
-630 10 
-633 20 
-636 10 
-639 20 
-642 10 
-645 20 
-648 10 
-651 20 
-654 10 
-657 20 
-660 10 
-663 20 
-666 10 
-669 20 
-672 10 
-675 20 
-678 10 
-681 20 
-684 10 
-687 20 
-690 10 
-693 20 
-696 10 
-699 20 
-702 10 
-705 20 
-708 10 
-711 20 
-714 10 
-717 20 
-720 10 
-723 20 
-726 10 
-729 20 
-732 10 
-735 20 
-738 10 
-741 20 
-744 10 
-747 20 
-750 10 
-753 20 
-756 10 
-759 20 
-762 10 
-765 20 
-768 10 
-771 20 
-774 10 
-777 20 
-780 10 
-783 20 
-786 10 
-789 20 
-792 10 
-795 20 
-798 10 
-801 20 
-804 10 
-807 20 
-810 10 
-813 20 
-816 10 
-819 20 
-822 10 
-825 20 
-828 10 
-831 20 
-834 10 
-837 20 
-840 10 
-843 20 
-846 10 
-849 20 
-852 10 
-855 20 
-858 10 
-861 20 
-864 10 
-867 20 
-870 10 
-873 20 
-876 10 
-879 20 
-882 10 
-885 20 
-888 10 
-891 20 
-894 10 
-897 20 
-900 10 
-903 20 
-906 10 
-909 20 
-912 10 
-915 20 
-918 10 
-921 20 
-924 10 
-927 20 
-930 10 
-933 20 
-936 10 
-939 20 
-942 10 
-945 20 
-948 10 
-951 20 
-954 10 
-957 20 
-960 10 
-963 20 
-966 10 
-969 20 
-972 10 
-975 20 
-978 10 
-981 20 
-984 10 
-987 20 
-990 10 
-993 20 
-996 10 
-999 20 
-1002 10 
-1005 20 
-1008 10 
-1011 20 
-1014 10 
-1017 20 
-1020 10 
-1023 20 
-1026 10 
-1029 20 
-1032 10 
-1035 20 
-1038 10 
-1041 20 
-1044 10 
-1047 20 
-1050 10 
-1053 20 
-1056 10 
-1059 20 
-1062 10 
-1065 20 
-1068 10 
-1071 20 
-1074 10 
-1077 20 
-1080 10 
-1083 20 
-1086 10 
-1089 20 
-1092 10 
-1095 20 
-1098 10 
-1101 20 
-1104 10 
-1107 20 
-1110 10 
-1113 20 
-1116 10 
-1119 20 
-1122 10 
-1125 20 
-1128 10 
-1131 20 
-1134 10 
-1137 20 
-1140 10 
-1143 20 
-1146 10 
-1149 20 
-1152 10 
-1155 20 
-1158 10 
-1161 20 
-1164 10 
-1167 20 
-1170 10 
-1173 20 
-1176 10 
-1179 20 
-1182 10 
-1185 20 
-1188 10 
-1191 20 
-1194 10 
-1197 20 
-1200 10 
-1203 20 
-1206 10 
-1209 20 
-1212 10 
-1215 20 
-1218 10 
-1221 20 
-1224 10 
-1227 20 
-1230 10 
-1233 20 
-1236 10 
-1239 20 
-1242 10 
-1245 20 
-1248 10 
-1251 20 
-1254 10 
-1257 20 
-1260 10 
-1263 20 
-1266 10 
-1269 20 
-1272 10 
-1275 20 
-1278 10 
-1281 20 
-1284 10 
-1287 20 
-1290 10 
-1293 20 
-1296 10 
-1299 20 
-1302 10 
-1305 20 
-1308 10 
-1311 20 
-1314 10 
-1317 20 
-1320 10 
-1323 20 
-1326 10 
-1329 20 
-1332 10 
-1335 20 
-1338 10 
-1341 20 
-1344 10 
-1347 20 
-1350 10 
-1353 20 
-1356 10 
-1359 20 
-1362 10 
-1365 20 
-1368 10 
-1371 20 
-1374 10 
-1377 20 
-1380 10 
-1383 20 
-1386 10 
-1389 20 
-1392 10 
-1395 20 
-1398 10 
-1401 20 
-1404 10 
-1407 20 
-1410 10 
-1413 20 
-1416 10 
-1419 20 
-1422 10 
-1425 20 
-1428 10 
-1431 20 
-1434 10 
-1437 20 
-1440 10 
-1443 20 
-1446 10 
-1449 20 
-1452 10 
-1455 20 
-1458 10 
-1461 20 
-1464 10 
-1467 20 
-1470 10 
-1473 20 
-1476 10 
-1479 20 
-1482 10 
-1485 20 
-1488 10 
-1491 20 
-1494 10 
-1497 20 
-1500 10 
-1503 20 
