2002 1
-1500 -10 
-1497 -10 
-1494 -10 
-1491 -10 
-1488 -10 
-1485 -10 
-1482 -10 
-1479 -10 
-1476 -10 
-1473 -10 
-1470 -10 
-1467 -10 
-1464 -10 
-1461 -10 
-1458 -10 
-1455 -10 
-1452 -10 
-1449 -10 
-1446 -10 
-1443 -10 
-1440 -10 
-1437 -10 
-1434 -10 
-1431 -10 
-1428 -10 
-1425 -10 
-1422 -10 
-1419 -10 
-1416 -10 
-1413 -10 
-1410 -10 
-1407 -10 
-1404 -10 
-1401 -10 
-1398 -10 
-1395 -10 
-1392 -10 
-1389 -10 
-1386 -10 
-1383 -10 
-1380 -10 
-1377 -10 
-1374 -10 
-1371 -10 
-1368 -10 
-1365 -10 
-1362 -10 
-1359 -10 
-1356 -10 
-1353 -10 
-1350 -10 
-1347 -10 
-1344 -10 
-1341 -10 
-1338 -10 
-1335 -10 
-1332 -10 
-1329 -10 
-1326 -10 
-1323 -10 
-1320 -10 
-1317 -10 
-1314 -10 
-1311 -10 
-1308 -10 
-1305 -10 
-1302 -10 
-1299 -10 
-1296 -10 
-1293 -10 
-1290 -10 
-1287 -10 
-1284 -10 
-1281 -10 
-1278 -10 
-1275 -10 
-1272 -10 
-1269 -10 
-1266 -10 
-1263 -10 
-1260 -10 
-1257 -10 
-1254 -10 
-1251 -10 
-1248 -10 
-1245 -10 
-1242 -10 
-1239 -10 
-1236 -10 
-1233 -10 
-1230 -10 
-1227 -10 
-1224 -10 
-1221 -10 
-1218 -10 
-1215 -10 
-1212 -10 
-1209 -10 
-1206 -10 
-1203 -10 
-1200 -10 
-1197 -10 
-1194 -10 
-1191 -10 
-1188 -10 
-1185 -10 
-1182 -10 
-1179 -10 
-1176 -10 
-1173 -10 
-1170 -10 
-1167 -10 
-1164 -10 
-1161 -10 
-1158 -10 
-1155 -10 
-1152 -10 
-1149 -10 
-1146 -10 
-1143 -10 
-1140 -10 
-1137 -10 
-1134 -10 
-1131 -10 
-1128 -10 
-1125 -10 
-1122 -10 
-1119 -10 
-1116 -10 
-1113 -10 
-1110 -10 
-1107 -10 
-1104 -10 
-1101 -10 
-1098 -10 
-1095 -10 
-1092 -10 
-1089 -10 
-1086 -10 
-1083 -10 
-1080 -10 
-1077 -10 
-1074 -10 
-1071 -10 
-1068 -10 
-1065 -10 
-1062 -10 
-1059 -10 
-1056 -10 
-1053 -10 
-1050 -10 
-1047 -10 
-1044 -10 
-1041 -10 
-1038 -10 
-1035 -10 
-1032 -10 
-1029 -10 
-1026 -10 
-1023 -10 
-1020 -10 
-1017 -10 
-1014 -10 
-1011 -10 
-1008 -10 
-1005 -10 
-1002 -10 
-999 -10 
-996 -10 
-993 -10 
-990 -10 
-987 -10 
-984 -10 
-981 -10 
-978 -10 
-975 -10 
-972 -10 
-969 -10 
-966 -10 
-963 -10 
-960 -10 
-957 -10 
-954 -10 
-951 -10 
-948 -10 
-945 -10 
-942 -10 
-939 -10 
-936 -10 
-933 -10 
-930 -10 
-927 -10 
-924 -10 
-921 -10 
-918 -10 
-915 -10 
-912 -10 
-909 -10 
-906 -10 
-903 -10 
-900 -10 
-897 -10 
-894 -10 
-891 -10 
-888 -10 
-885 -10 
-882 -10 
-879 -10 
-876 -10 
-873 -10 
-870 -10 
-867 -10 
-864 -10 
-861 -10 
-858 -10 
-855 -10 
-852 -10 
-849 -10 
-846 -10 
-843 -10 
-840 -10 
-837 -10 
-834 -10 
-831 -10 
-828 -10 
-825 -10 
-822 -10 
-819 -10 
-816 -10 
-813 -10 
-810 -10 
-807 -10 
-804 -10 
-801 -10 
-798 -10 
-795 -10 
-792 -10 
-789 -10 
-786 -10 
-783 -10 
-780 -10 
-777 -10 
-774 -10 
-771 -10 
-768 -10 
-765 -10 
-762 -10 
-759 -10 
-756 -10 
-753 -10 
-750 -10 
-747 -10 
-744 -10 
-741 -10 
-738 -10 
-735 -10 
-732 -10 
-729 -10 
-726 -10 
-723 -10 
-720 -10 
-717 -10 
-714 -10 
-711 -10 
-708 -10 
-705 -10 
-702 -10 
-699 -10 
-696 -10 
-693 -10 
-690 -10 
-687 -10 
-684 -10 
-681 -10 
-678 -10 
-675 -10 
-672 -10 
-669 -10 
-666 -10 
-663 -10 
-660 -10 
-657 -10 
-654 -10 
-651 -10 
-648 -10 
-645 -10 
-642 -10 
-639 -10 
-636 -10 
-633 -10 
-630 -10 
-627 -10 
-624 -10 
-621 -10 
-618 -10 
-615 -10 
-612 -10 
-609 -10 
-606 -10 
-603 -10 
-600 -10 
-597 -10 
-594 -10 
-591 -10 
-588 -10 
-585 -10 
-582 -10 
-579 -10 
-576 -10 
-573 -10 
-570 -10 
-567 -10 
-564 -10 
-561 -10 
-558 -10 
-555 -10 
-552 -10 
-549 -10 
-546 -10 
-543 -10 
-540 -10 
-537 -10 
-534 -10 
-531 -10 
-528 -10 
-525 -10 
-522 -10 
-519 -10 
-516 -10 
-513 -10 
-510 -10 
-507 -10 
-504 -10 
-501 -10 
-498 -10 
-495 -10 
-492 -10 
-489 -10 
-486 -10 
-483 -10 
-480 -10 
-477 -10 
-474 -10 
-471 -10 
-468 -10 
-465 -10 
-462 -10 
-459 -10 
-456 -10 
-453 -10 
-450 -10 
-447 -10 
-444 -10 
-441 -10 
-438 -10 
-435 -10 
-432 -10 
-429 -10 
-426 -10 
-423 -10 
-420 -10 
-417 -10 
-414 -10 
-411 -10 
-408 -10 
-405 -10 
-402 -10 
-399 -10 
-396 -10 
-393 -10 
-390 -10 
-387 -10 
-384 -10 
-381 -10 
-378 -10 
-375 -10 
-372 -10 
-369 -10 
-366 -10 
-363 -10 
-360 -10 
-357 -10 
-354 -10 
-351 -10 
-348 -10 
-345 -10 
-342 -10 
-339 -10 
-336 -10 
-333 -10 
-330 -10 
-327 -10 
-324 -10 
-321 -10 
-318 -10 
-315 -10 
-312 -10 
-309 -10 
-306 -10 
-303 -10 
-300 -10 
-297 -10 
-294 -10 
-291 -10 
-288 -10 
-285 -10 
-282 -10 
-279 -10 
-276 -10 
-273 -10 
-270 -10 
-267 -10 
-264 -10 
-261 -10 
-258 -10 
-255 -10 
-252 -10 
-249 -10 
-246 -10 
-243 -10 
-240 -10 
-237 -10 
-234 -10 
-231 -10 
-228 -10 
-225 -10 
-222 -10 
-219 -10 
-216 -10 
-213 -10 
-210 -10 
-207 -10 
-204 -10 
-201 -10 
-198 -10 
-195 -10 
-192 -10 
-189 -10 
-186 -10 
-183 -10 
-180 -10 
-177 -10 
-174 -10 
-171 -10 
-168 -10 
-165 -10 
-162 -10 
-159 -10 
-156 -10 
-153 -10 
-150 -10 
-147 -10 
-144 -10 
-141 -10 
-138 -10 
-135 -10 
-132 -10 
-129 -10 
-126 -10 
-123 -10 
-120 -10 
-117 -10 
-114 -10 
-111 -10 
-108 -10 
-105 -10 
-102 -10 
-99 -10 
-96 -10 
-93 -10 
-90 -10 
-87 -10 
-84 -10 
-81 -10 
-78 -10 
-75 -10 
-72 -10 
-69 -10 
-66 -10 
-63 -10 
-60 -10 
-57 -10 
-54 -10 
-51 -10 
-48 -10 
-45 -10 
-42 -10 
-39 -10 
-36 -10 
-33 -10 
-30 -10 
-27 -10 
-24 -10 
-21 -10 
-18 -10 
-15 -10 
-12 -10 
-9 -10 
-6 -10 
-3 -10 
0 -10 
3 -10 
6 -10 
9 -10 
12 -10 
15 -10 
18 -10 
21 -10 
24 -10 
27 -10 
30 -10 
33 -10 
36 -10 
39 -10 
42 -10 
45 -10 
48 -10 
51 -10 
54 -10 
57 -10 
60 -10 
63 -10 
66 -10 
69 -10 
72 -10 
75 -10 
78 -10 
81 -10 
84 -10 
87 -10 
90 -10 
93 -10 
96 -10 
99 -10 
102 -10 
105 -10 
108 -10 
111 -10 
114 -10 
117 -10 
120 -10 
123 -10 
126 -10 
129 -10 
132 -10 
135 -10 
138 -10 
141 -10 
144 -10 
147 -10 
150 -10 
153 -10 
156 -10 
159 -10 
162 -10 
165 -10 
168 -10 
171 -10 
174 -10 
177 -10 
180 -10 
183 -10 
186 -10 
189 -10 
192 -10 
195 -10 
198 -10 
201 -10 
204 -10 
207 -10 
210 -10 
213 -10 
216 -10 
219 -10 
222 -10 
225 -10 
228 -10 
231 -10 
234 -10 
237 -10 
240 -10 
243 -10 
246 -10 
249 -10 
252 -10 
255 -10 
258 -10 
261 -10 
264 -10 
267 -10 
270 -10 
273 -10 
276 -10 
279 -10 
282 -10 
285 -10 
288 -10 
291 -10 
294 -10 
297 -10 
300 -10 
303 -10 
306 -10 
309 -10 
312 -10 
315 -10 
318 -10 
321 -10 
324 -10 
327 -10 
330 -10 
333 -10 
336 -10 
339 -10 
342 -10 
345 -10 
348 -10 
351 -10 
354 -10 
357 -10 
360 -10 
363 -10 
366 -10 
369 -10 
372 -10 
375 -10 
378 -10 
381 -10 
384 -10 
387 -10 
390 -10 
393 -10 
396 -10 
399 -10 
402 -10 
405 -10 
408 -10 
411 -10 
414 -10 
417 -10 
420 -10 
423 -10 
426 -10 
429 -10 
432 -10 
435 -10 
438 -10 
441 -10 
444 -10 
447 -10 
450 -10 
453 -10 
456 -10 
459 -10 
462 -10 
465 -10 
468 -10 
471 -10 
474 -10 
477 -10 
480 -10 
483 -10 
486 -10 
489 -10 
492 -10 
495 -10 
498 -10 
501 -10 
504 -10 
507 -10 
510 -10 
513 -10 
516 -10 
519 -10 
522 -10 
525 -10 
528 -10 
531 -10 
534 -10 
537 -10 
540 -10 
543 -10 
546 -10 
549 -10 
552 -10 
555 -10 
558 -10 
561 -10 
564 -10 
567 -10 
570 -10 
573 -10 
576 -10 
579 -10 
582 -10 
585 -10 
588 -10 
591 -10 
594 -10 
597 -10 
600 -10 
603 -10 
606 -10 
609 -10 
612 -10 
615 -10 
618 -10 
621 -10 
624 -10 
627 -10 
630 -10 
633 -10 
636 -10 
639 -10 
642 -10 
645 -10 
648 -10 
651 -10 
654 -10 
657 -10 
660 -10 
663 -10 
666 -10 
669 -10 
672 -10 
675 -10 
678 -10 
681 -10 
684 -10 
687 -10 
690 -10 
693 -10 
696 -10 
699 -10 
702 -10 
705 -10 
708 -10 
711 -10 
714 -10 
717 -10 
720 -10 
723 -10 
726 -10 
729 -10 
732 -10 
735 -10 
738 -10 
741 -10 
744 -10 
747 -10 
750 -10 
753 -10 
756 -10 
759 -10 
762 -10 
765 -10 
768 -10 
771 -10 
774 -10 
777 -10 
780 -10 
783 -10 
786 -10 
789 -10 
792 -10 
795 -10 
798 -10 
801 -10 
804 -10 
807 -10 
810 -10 
813 -10 
816 -10 
819 -10 
822 -10 
825 -10 
828 -10 
831 -10 
834 -10 
837 -10 
840 -10 
843 -10 
846 -10 
849 -10 
852 -10 
855 -10 
858 -10 
861 -10 
864 -10 
867 -10 
870 -10 
873 -10 
876 -10 
879 -10 
882 -10 
885 -10 
888 -10 
891 -10 
894 -10 
897 -10 
900 -10 
903 -10 
906 -10 
909 -10 
912 -10 
915 -10 
918 -10 
921 -10 
924 -10 
927 -10 
930 -10 
933 -10 
936 -10 
939 -10 
942 -10 
945 -10 
948 -10 
951 -10 
954 -10 
957 -10 
960 -10 
963 -10 
966 -10 
969 -10 
972 -10 
975 -10 
978 -10 
981 -10 
984 -10 
987 -10 
990 -10 
993 -10 
996 -10 
999 -10 
1002 -10 
1005 -10 
1008 -10 
1011 -10 
1014 -10 
1017 -10 
1020 -10 
1023 -10 
1026 -10 
1029 -10 
1032 -10 
1035 -10 
1038 -10 
1041 -10 
1044 -10 
1047 -10 
1050 -10 
1053 -10 
1056 -10 
1059 -10 
1062 -10 
1065 -10 
1068 -10 
1071 -10 
1074 -10 
1077 -10 
1080 -10 
1083 -10 
1086 -10 
1089 -10 
1092 -10 
1095 -10 
1098 -10 
1101 -10 
1104 -10 
1107 -10 
1110 -10 
1113 -10 
1116 -10 
1119 -10 
1122 -10 
1125 -10 
1128 -10 
1131 -10 
1134 -10 
1137 -10 
1140 -10 
1143 -10 
1146 -10 
1149 -10 
1152 -10 
1155 -10 
1158 -10 
1161 -10 
1164 -10 
1167 -10 
1170 -10 
1173 -10 
1176 -10 
1179 -10 
1182 -10 
1185 -10 
1188 -10 
1191 -10 
1194 -10 
1197 -10 
1200 -10 
1203 -10 
1206 -10 
1209 -10 
1212 -10 
1215 -10 
1218 -10 
1221 -10 
1224 -10 
1227 -10 
1230 -10 
1233 -10 
1236 -10 
1239 -10 
1242 -10 
1245 -10 
1248 -10 
1251 -10 
1254 -10 
1257 -10 
1260 -10 
1263 -10 
1266 -10 
1269 -10 
1272 -10 
1275 -10 
1278 -10 
1281 -10 
1284 -10 
1287 -10 
1290 -10 
1293 -10 
1296 -10 
1299 -10 
1302 -10 
1305 -10 
1308 -10 
1311 -10 
1314 -10 
1317 -10 
1320 -10 
1323 -10 
1326 -10 
1329 -10 
1332 -10 
1335 -10 
1338 -10 
1341 -10 
1344 -10 
1347 -10 
1350 -10 
1353 -10 
1356 -10 
1359 -10 
1362 -10 
1365 -10 
1368 -10 
1371 -10 
1374 -10 
1377 -10 
1380 -10 
1383 -10 
1386 -10 
1389 -10 
1392 -10 
1395 -10 
1398 -10 
1401 -10 
1404 -10 
1407 -10 
1410 -10 
1413 -10 
1416 -10 
1419 -10 
1422 -10 
1425 -10 
1428 -10 
1431 -10 
1434 -10 
1437 -10 
1440 -10 
1443 -10 
1446 -10 
1449 -10 
1452 -10 
1455 -10 
1458 -10 
1461 -10 
1464 -10 
1467 -10 
1470 -10 
1473 -10 
1476 -10 
1479 -10 
1482 -10 
1485 -10 
1488 -10 
1491 -10 
1494 -10 
1497 -10 
1500 -10 
1500 10 
1497 10 
1494 10 
1491 10 
1488 10 
1485 10 
1482 10 
1479 10 
1476 10 
1473 10 
1470 10 
1467 10 
1464 10 
1461 10 
1458 10 
1455 10 
1452 10 
1449 10 
1446 10 
1443 10 
1440 10 
1437 10 
1434 10 
1431 10 
1428 10 
1425 10 
1422 10 
1419 10 
1416 10 
1413 10 
1410 10 
1407 10 
1404 10 
1401 10 
1398 10 
1395 10 
1392 10 
1389 10 
1386 10 
1383 10 
1380 10 
1377 10 
1374 10 
1371 10 
1368 10 
1365 10 
1362 10 
1359 10 
1356 10 
1353 10 
1350 10 
1347 10 
1344 10 
1341 10 
1338 10 
1335 10 
1332 10 
1329 10 
1326 10 
1323 10 
1320 10 
1317 10 
1314 10 
1311 10 
1308 10 
1305 10 
1302 10 
1299 10 
1296 10 
1293 10 
1290 10 
1287 10 
1284 10 
1281 10 
1278 10 
1275 10 
1272 10 
1269 10 
1266 10 
1263 10 
1260 10 
1257 10 
1254 10 
1251 10 
1248 10 
1245 10 
1242 10 
1239 10 
1236 10 
1233 10 
1230 10 
1227 10 
1224 10 
1221 10 
1218 10 
1215 10 
1212 10 
1209 10 
1206 10 
1203 10 
1200 10 
1197 10 
1194 10 
1191 10 
1188 10 
1185 10 
1182 10 
1179 10 
1176 10 
1173 10 
1170 10 
1167 10 
1164 10 
1161 10 
1158 10 
1155 10 
1152 10 
1149 10 
1146 10 
1143 10 
1140 10 
1137 10 
1134 10 
1131 10 
1128 10 
1125 10 
1122 10 
1119 10 
1116 10 
1113 10 
1110 10 
1107 10 
1104 10 
1101 10 
1098 10 
1095 10 
1092 10 
1089 10 
1086 10 
1083 10 
1080 10 
1077 10 
1074 10 
1071 10 
1068 10 
1065 10 
1062 10 
1059 10 
1056 10 
1053 10 
1050 10 
1047 10 
1044 10 
1041 10 
1038 10 
1035 10 
1032 10 
1029 10 
1026 10 
1023 10 
1020 10 
1017 10 
1014 10 
1011 10 
1008 10 
1005 10 
1002 10 
999 10 
996 10 
993 10 
990 10 
987 10 
984 10 
981 10 
978 10 
975 10 
972 10 
969 10 
966 10 
963 10 
960 10 
957 10 
954 10 
951 10 
948 10 
945 10 
942 10 
939 10 
936 10 
933 10 
930 10 
927 10 
924 10 
921 10 
918 10 
915 10 
912 10 
909 10 
906 10 
903 10 
900 10 
897 10 
894 10 
891 10 
888 10 
885 10 
882 10 
879 10 
876 10 
873 10 
870 10 
867 10 
864 10 
861 10 
858 10 
855 10 
852 10 
849 10 
846 10 
843 10 
840 10 
837 10 
834 10 
831 10 
828 10 
825 10 
822 10 
819 10 
816 10 
813 10 
810 10 
807 10 
804 10 
801 10 
798 10 
795 10 
792 10 
789 10 
786 10 
783 10 
780 10 
777 10 
774 10 
771 10 
768 10 
765 10 
762 10 
759 10 
756 10 
753 10 
750 10 
747 10 
744 10 
741 10 
738 10 
735 10 
732 10 
729 10 
726 10 
723 10 
720 10 
717 10 
714 10 
711 10 
708 10 
705 10 
702 10 
699 10 
696 10 
693 10 
690 10 
687 10 
684 10 
681 10 
678 10 
675 10 
672 10 
669 10 
666 10 
663 10 
660 10 
657 10 
654 10 
651 10 
648 10 
645 10 
642 10 
639 10 
636 10 
633 10 
630 10 
627 10 
624 10 
621 10 
618 10 
615 10 
612 10 
609 10 
606 10 
603 10 
600 10 
597 10 
594 10 
591 10 
588 10 
585 10 
582 10 
579 10 
576 10 
573 10 
570 10 
567 10 
564 10 
561 10 
558 10 
555 10 
552 10 
549 10 
546 10 
543 10 
540 10 
537 10 
534 10 
531 10 
528 10 
525 10 
522 10 
519 10 
516 10 
513 10 
510 10 
507 10 
504 10 
501 10 
498 10 
495 10 
492 10 
489 10 
486 10 
483 10 
480 10 
477 10 
474 10 
471 10 
468 10 
465 10 
462 10 
459 10 
456 10 
453 10 
450 10 
447 10 
444 10 
441 10 
438 10 
435 10 
432 10 
429 10 
426 10 
423 10 
420 10 
417 10 
414 10 
411 10 
408 10 
405 10 
402 10 
399 10 
396 10 
393 10 
390 10 
387 10 
384 10 
381 10 
378 10 
375 10 
372 10 
369 10 
366 10 
363 10 
360 10 
357 10 
354 10 
351 10 
348 10 
345 10 
342 10 
339 10 
336 10 
333 10 
330 10 
327 10 
324 10 
321 10 
318 10 
315 10 
312 10 
309 10 
306 10 
303 10 
300 10 
297 10 
294 10 
291 10 
288 10 
285 10 
282 10 
279 10 
276 10 
273 10 
270 10 
267 10 
264 10 
261 10 
258 10 
255 10 
252 10 
249 10 
246 10 
243 10 
240 10 
237 10 
234 10 
231 10 
228 10 
225 10 
222 10 
219 10 
216 10 
213 10 
210 10 
207 10 
204 10 
201 10 
198 10 
195 10 
192 10 
189 10 
186 10 
183 10 
180 10 
177 10 
174 10 
171 10 
168 10 
165 10 
162 10 
159 10 
156 10 
153 10 
150 10 
147 10 
144 10 
141 10 
138 10 
135 10 
132 10 
129 10 
126 10 
123 10 
120 10 
117 10 
114 10 
111 10 
108 10 
105 10 
102 10 
99 10 
96 10 
93 10 
90 10 
87 10 
84 10 
81 10 
78 10 
75 10 
72 10 
69 10 
66 10 
63 10 
60 10 
57 10 
54 10 
51 10 
48 10 
45 10 
42 10 
39 10 
36 10 
33 10 
30 10 
27 10 
24 10 
21 10 
18 10 
15 10 
12 10 
9 10 
6 10 
3 10 
0 10 
-3 10 
-6 10 
-9 10 
-12 10 
-15 10 
-18 10 
-21 10 
-24 10 
-27 10 
-30 10 
-33 10 
-36 10 
-39 10 
-42 10 
-45 10 
-48 10 
-51 10 
-54 10 
-57 10 
-60 10 
-63 10 
-66 10 
-69 10 
-72 10 
-75 10 
-78 10 
-81 10 
-84 10 
-87 10 
-90 10 
-93 10 
-96 10 
-99 10 
-102 10 
-105 10 
-108 10 
-111 10 
-114 10 
-117 10 
-120 10 
-123 10 
-126 10 
-129 10 
-132 10 
-135 10 
-138 10 
-141 10 
-144 10 
-147 10 
-150 10 
-153 10 
-156 10 
-159 10 
-162 10 
-165 10 
-168 10 
-171 10 
-174 10 
-177 10 
-180 10 
-183 10 
-186 10 
-189 10 
-192 10 
-195 10 
-198 10 
-201 10 
-204 10 
-207 10 
-210 10 
-213 10 
-216 10 
-219 10 
-222 10 
-225 10 
-228 10 
-231 10 
-234 10 
-237 10 
-240 10 
-243 10 
-246 10 
-249 10 
-252 10 
-255 10 
-258 10 
-261 10 
-264 10 
-267 10 
-270 10 
-273 10 
-276 10 
-279 10 
-282 10 
-285 10 
-288 10 
-291 10 
-294 10 
-297 10 
-300 10 
-303 10 
-306 10 
-309 10 
-312 10 
-315 10 
-318 10 
-321 10 
-324 10 
-327 10 
-330 10 
-333 10 
-336 10 
-339 10 
-342 10 
-345 10 
-348 10 
-351 10 
-354 10 
-357 10 
-360 10 
-363 10 
-366 10 
-369 10 
-372 10 
-375 10 
-378 10 
-381 10 
-384 10 
-387 10 
-390 10 
-393 10 
-396 10 
-399 10 
-402 10 
-405 10 
-408 10 
-411 10 
-414 10 
-417 10 
-420 10 
-423 10 
-426 10 
-429 10 
-432 10 
-435 10 
-438 10 
-441 10 
-444 10 
-447 10 
-450 10 
-453 10 
-456 10 
-459 10 
-462 10 
-465 10 
-468 10 
-471 10 
-474 10 
-477 10 
-480 10 
-483 10 
-486 10 
-489 10 
-492 10 
-495 10 
-498 10 
-501 10 
-504 10 
-507 10 
-510 10 
-513 10 
-516 10 
-519 10 
-522 10 
-525 10 
-528 10 
-531 10 
-534 10 
-537 10 
-540 10 
-543 10 
-546 10 
-549 10 
-552 10 
-555 10 
-558 10 
-561 10 
-564 10 
-567 10 
-570 10 
-573 10 
-576 10 
-579 10 
-582 10 
-585 10 
-588 10 
-591 10 
-594 10 
-597 10 
-600 10 
-603 10 
-606 10 
-609 10 
-612 10 
-615 10 
-618 10 
-621 10 
-624 10 
-627 10 
-630 10 
-633 10 
-636 10 
-639 10 
-642 10 
-645 10 
-648 10 
-651 10 
-654 10 
-657 10 
-660 10 
-663 10 
-666 10 
-669 10 
-672 10 
-675 10 
-678 10 
-681 10 
-684 10 
-687 10 
-690 10 
-693 10 
-696 10 
-699 10 
-702 10 
-705 10 
-708 10 
-711 10 
-714 10 
-717 10 
-720 10 
-723 10 
-726 10 
-729 10 
-732 10 
-735 10 
-738 10 
-741 10 
-744 10 
-747 10 
-750 10 
-753 10 
-756 10 
-759 10 
-762 10 
-765 10 
-768 10 
-771 10 
-774 10 
-777 10 
-780 10 
-783 10 
-786 10 
-789 10 
-792 10 
-795 10 
-798 10 
-801 10 
-804 10 
-807 10 
-810 10 
-813 10 
-816 10 
-819 10 
-822 10 
-825 10 
-828 10 
-831 10 
-834 10 
-837 10 
-840 10 
-843 10 
-846 10 
-849 10 
-852 10 
-855 10 
-858 10 
-861 10 
-864 10 
-867 10 
-870 10 
-873 10 
-876 10 
-879 10 
-882 10 
-885 10 
-888 10 
-891 10 
-894 10 
-897 10 
-900 10 
-903 10 
-906 10 
-909 10 
-912 10 
-915 10 
-918 10 
-921 10 
-924 10 
-927 10 
-930 10 
-933 10 
-936 10 
-939 10 
-942 10 
-945 10 
-948 10 
-951 10 
-954 10 
-957 10 
-960 10 
-963 10 
-966 10 
-969 10 
-972 10 
-975 10 
-978 10 
-981 10 
-984 10 
-987 10 
-990 10 
-993 10 
-996 10 
-999 10 
-1002 10 
-1005 10 
-1008 10 
-1011 10 
-1014 10 
-1017 10 
-1020 10 
-1023 10 
-1026 10 
-1029 10 
-1032 10 
-1035 10 
-1038 10 
-1041 10 
-1044 10 
-1047 10 
-1050 10 
-1053 10 
-1056 10 
-1059 10 
-1062 10 
-1065 10 
-1068 10 
-1071 10 
-1074 10 
-1077 10 
-1080 10 
-1083 10 
-1086 10 
-1089 10 
-1092 10 
-1095 10 
-1098 10 
-1101 10 
-1104 10 
-1107 10 
-1110 10 
-1113 10 
-1116 10 
-1119 10 
-1122 10 
-1125 10 
-1128 10 
-1131 10 
-1134 10 
-1137 10 
-1140 10 
-1143 10 
-1146 10 
-1149 10 
-1152 10 
-1155 10 
-1158 10 
-1161 10 
-1164 10 
-1167 10 
-1170 10 
-1173 10 
-1176 10 
-1179 10 
-1182 10 
-1185 10 
-1188 10 
-1191 10 
-1194 10 
-1197 10 
-1200 10 
-1203 10 
-1206 10 
-1209 10 
-1212 10 
-1215 10 
-1218 10 
-1221 10 
-1224 10 
-1227 10 
-1230 10 
-1233 10 
-1236 10 
-1239 10 
-1242 10 
-1245 10 
-1248 10 
-1251 10 
-1254 10 
-1257 10 
-1260 10 
-1263 10 
-1266 10 
-1269 10 
-1272 10 
-1275 10 
-1278 10 
-1281 10 
-1284 10 
-1287 10 
-1290 10 
-1293 10 
-1296 10 
-1299 10 
-1302 10 
-1305 10 
-1308 10 
-1311 10 
-1314 10 
-1317 10 
-1320 10 
-1323 10 
-1326 10 
-1329 10 
-1332 10 
-1335 10 
-1338 10 
-1341 10 
-1344 10 
-1347 10 
-1350 10 
-1353 10 
-1356 10 
-1359 10 
-1362 10 
-1365 10 
-1368 10 
-1371 10 
-1374 10 
-1377 10 
-1380 10 
-1383 10 
-1386 10 
-1389 10 
-1392 10 
-1395 10 
-1398 10 
-1401 10 
-1404 10 
-1407 10 
-1410 10 
-1413 10 
-1416 10 
-1419 10 
-1422 10 
-1425 10 
-1428 10 
-1431 10 
-1434 10 
-1437 10 
-1440 10 
-1443 10 
-1446 10 
-1449 10 
-1452 10 
-1455 10 
-1458 10 
-1461 10 
-1464 10 
-1467 10 
-1470 10 
-1473 10 
-1476 10 
-1479 10 
-1482 10 
-1485 10 
-1488 10 
-1491 10 
-1494 10 
-1497 10 
-1500 10 
